var temp_sos_data = `dept,gender,total,question,shr_Not_at_all,shr_To_a_minimal_extent,shr_To_a_moderate_extent,shr_To_a_great_extent
Public Service Total,Total,166161.5712,Staffing activities are carried out in a transparent way,0.107214136,0.193632082,0.378016978,0.321136805
Public Service Total,Male,75830.6355,Staffing activities are carried out in a transparent way,0.110259918,0.190880073,0.358686731,0.340173279
Public Service Total,Female,90330.9357,Staffing activities are carried out in a transparent way,0.10484348,0.195774081,0.39306249,0.306319949
Employment and Social Development Canada,Total,16151.1907,Staffing activities are carried out in a transparent way,0.124298226,0.220750056,0.399730519,0.255221199
Employment and Social Development Canada,Male,4946.1142,Staffing activities are carried out in a transparent way,0.124221326,0.204104067,0.383290583,0.288384023
Employment and Social Development Canada,Female,11205.0765,Staffing activities are carried out in a transparent way,0.1243322,0.228104258,0.406993686,0.240569856
National Defence,Total,19903.2698,Staffing activities are carried out in a transparent way,0.116546438,0.203787196,0.365644725,0.314021641
National Defence,Male,12295.7717,Staffing activities are carried out in a transparent way,0.115167994,0.201204117,0.359875704,0.323752185
National Defence,Female,7607.4981,Staffing activities are carried out in a transparent way,0.118452861,0.207359656,0.373623422,0.300564061
Correctional Service Canada,Total,16870.5611,Staffing activities are carried out in a transparent way,0.144636678,0.23633218,0.393252595,0.225778547
Correctional Service Canada,Male,8538.4968,Staffing activities are carried out in a transparent way,0.154228856,0.25296594,0.362801378,0.230003827
Correctional Service Canada,Female,8332.0643,Staffing activities are carried out in a transparent way,0.13672245,0.222608147,0.418377013,0.22229239
Fisheries and Oceans Canada,Total,9129.3892,Staffing activities are carried out in a transparent way,0.0896875,0.1790625,0.3653125,0.3659375
Fisheries and Oceans Canada,Male,5308.5161,Staffing activities are carried out in a transparent way,0.103505843,0.17640512,0.35114079,0.368948247
Fisheries and Oceans Canada,Female,3820.8731,Staffing activities are carried out in a transparent way,0.071988596,0.182466144,0.383464006,0.362081254
Health Canada,Total,8171.7097,Staffing activities are carried out in a transparent way,0.105742474,0.200354161,0.381988363,0.311915001
Health Canada,Male,2747.0604,Staffing activities are carried out in a transparent way,0.101406366,0.18134715,0.355292376,0.361954108
Health Canada,Female,5424.6493,Staffing activities are carried out in a transparent way,0.107993851,0.210222905,0.395849347,0.285933897
Public Works and Government Services Canada,Total,10345.2806,Staffing activities are carried out in a transparent way,0.075496441,0.151180217,0.370738104,0.402585238
Public Works and Government Services Canada,Male,4363.2591,Staffing activities are carried out in a transparent way,0.081761006,0.144204852,0.353548967,0.420485175
Public Works and Government Services Canada,Female,5982.0215,Staffing activities are carried out in a transparent way,0.071015424,0.156169666,0.383033419,0.389781491
Statistics Canada,Total,3891.8658,Staffing activities are carried out in a transparent way,0.055532359,0.138622129,0.404175365,0.401670146
Statistics Canada,Male,1917.6979,Staffing activities are carried out in a transparent way,0.058723404,0.121702128,0.385531915,0.434042553
Statistics Canada,Female,1974.1679,Staffing activities are carried out in a transparent way,0.052459016,0.154918033,0.422131148,0.370491803
Agriculture and Agri-Food Canada,Total,4486.3688,Staffing activities are carried out in a transparent way,0.079509072,0.18303095,0.388473853,0.348986126
Agriculture and Agri-Food Canada,Male,2323.3766,Staffing activities are carried out in a transparent way,0.075723831,0.182628062,0.363028953,0.378619154
Agriculture and Agri-Food Canada,Female,2162.9922,Staffing activities are carried out in a transparent way,0.082991803,0.183401639,0.411885246,0.321721311
Industry Canada,Total,4048.217,Staffing activities are carried out in a transparent way,0.073604061,0.14213198,0.410152284,0.374111675
Industry Canada,Male,1988.9548,Staffing activities are carried out in a transparent way,0.075647668,0.14507772,0.394818653,0.384455959
Industry Canada,Female,2059.2622,Staffing activities are carried out in a transparent way,0.071641791,0.139303483,0.424875622,0.364179104
Environment Canada,Total,5418.0893,Staffing activities are carried out in a transparent way,0.0618477,0.138384229,0.378044066,0.421724005
Environment Canada,Male,2788.9703,Staffing activities are carried out in a transparent way,0.061085973,0.139517345,0.354449472,0.44494721
Environment Canada,Female,2629.119,Staffing activities are carried out in a transparent way,0.062648692,0.137192704,0.402854877,0.397303727
Transport Canada,Total,4104.1838,Staffing activities are carried out in a transparent way,0.095768374,0.191536748,0.342427617,0.370267261
Transport Canada,Male,2237.6201,Staffing activities are carried out in a transparent way,0.107283465,0.214566929,0.312007874,0.366141732
Transport Canada,Female,1866.5637,Staffing activities are carried out in a transparent way,0.080769231,0.161538462,0.382051282,0.375641026
Citizenship and Immigration Canada,Total,4329.7335,Staffing activities are carried out in a transparent way,0.119348055,0.194532072,0.370136698,0.315983176
Citizenship and Immigration Canada,Male,1408.861,Staffing activities are carried out in a transparent way,0.113085622,0.161550889,0.368336026,0.357027464
Citizenship and Immigration Canada,Female,2920.8725,Staffing activities are carried out in a transparent way,0.122369447,0.210444271,0.371005456,0.296180826
Foreign Affairs Trade and Development Canada,Total,4034.0758,Staffing activities are carried out in a transparent way,0.095322676,0.187685021,0.364120782,0.352871522
Foreign Affairs Trade and Development Canada,Male,1932.0822,Staffing activities are carried out in a transparent way,0.092269327,0.187032419,0.350374065,0.37032419
Foreign Affairs Trade and Development Canada,Female,2101.9936,Staffing activities are carried out in a transparent way,0.098083427,0.188275085,0.376550169,0.337091319
Natural Resources Canada,Total,3467.0493,Staffing activities are carried out in a transparent way,0.091683039,0.155861166,0.364767518,0.387688278
Natural Resources Canada,Male,1908.4719,Staffing activities are carried out in a transparent way,0.088377724,0.138014528,0.361985472,0.411622276
Natural Resources Canada,Female,1558.5774,Staffing activities are carried out in a transparent way,0.095577746,0.176890157,0.368045649,0.359486448
Royal Canadian Mounted Police,Total,5355.1836,Staffing activities are carried out in a transparent way,0.103717472,0.211895911,0.389962825,0.294423792
Royal Canadian Mounted Police,Male,1255.687,Staffing activities are carried out in a transparent way,0.107719928,0.226211849,0.341113106,0.324955117
Royal Canadian Mounted Police,Female,4099.4966,Staffing activities are carried out in a transparent way,0.102672293,0.208157525,0.402719175,0.286451008
Aboriginal Affairs and Northern Development Canada,Total,4285.2184,Staffing activities are carried out in a transparent way,0.104529617,0.195121951,0.359880538,0.340467894
Aboriginal Affairs and Northern Development Canada,Male,1549.8413,Staffing activities are carried out in a transparent way,0.099162011,0.201117318,0.332402235,0.367318436
Aboriginal Affairs and Northern Development Canada,Female,2735.3771,Staffing activities are carried out in a transparent way,0.107501933,0.191802011,0.375096674,0.325599381
Veterans Affairs Canada,Total,2727.4058,Staffing activities are carried out in a transparent way,0.110714286,0.208035714,0.38125,0.3
Veterans Affairs Canada,Male,719.6306,Staffing activities are carried out in a transparent way,0.108474576,0.172881356,0.366101695,0.352542373
Veterans Affairs Canada,Female,2007.7752,Staffing activities are carried out in a transparent way,0.111515152,0.220606061,0.386666667,0.281212121
Department of Justice Canada,Total,3875.0621,Staffing activities are carried out in a transparent way,0.107037256,0.192193968,0.38083974,0.319929036
Department of Justice Canada,Male,1265.1189,Staffing activities are carried out in a transparent way,0.134328358,0.173507463,0.361940299,0.330223881
Department of Justice Canada,Female,2609.9432,Staffing activities are carried out in a transparent way,0.094372294,0.200865801,0.38961039,0.315151515
Canadian Heritage,Total,1563.5268,Staffing activities are carried out in a transparent way,0.059196617,0.135306554,0.401691332,0.403805497
Canadian Heritage,Male,562.671,Staffing activities are carried out in a transparent way,0.063291139,0.107594937,0.411392405,0.417721519
Canadian Heritage,Female,1000.8558,Staffing activities are carried out in a transparent way,0.057142857,0.149206349,0.396825397,0.396825397
Public Service Commission of Canada,Total,684.1698,Staffing activities are carried out in a transparent way,0.045454545,0.127840909,0.306818182,0.519886364
Public Service Commission of Canada,Male,264.1675,Staffing activities are carried out in a transparent way,0.044776119,0.126865672,0.26119403,0.567164179
Public Service Commission of Canada,Female,420.0023,Staffing activities are carried out in a transparent way,0.04587156,0.128440367,0.334862385,0.490825688
Canadian International Development Agency,Total,1298.3346,Staffing activities are carried out in a transparent way,0.06870229,0.158396947,0.389312977,0.383587786
Canadian International Development Agency,Male,462.7621,Staffing activities are carried out in a transparent way,0.093896714,0.154929577,0.338028169,0.41314554
Canadian International Development Agency,Female,835.5725,Staffing activities are carried out in a transparent way,0.051446945,0.160771704,0.424437299,0.363344051
Treasury Board of Canada Secretariat,Total,1543.9894,Staffing activities are carried out in a transparent way,0.067073171,0.140243902,0.402439024,0.390243902
Treasury Board of Canada Secretariat,Male,535.1464,Staffing activities are carried out in a transparent way,0.056521739,0.186956522,0.326086957,0.430434783
Treasury Board of Canada Secretariat,Female,1008.843,Staffing activities are carried out in a transparent way,0.072769953,0.115023474,0.443661972,0.368544601
Public Prosecution Service of Canada,Total,847.7028,Staffing activities are carried out in a transparent way,0.107692308,0.182051282,0.343589744,0.366666667
Public Prosecution Service of Canada,Male,314.7368,Staffing activities are carried out in a transparent way,0.129496403,0.115107914,0.294964029,0.460431655
Public Prosecution Service of Canada,Female,532.966,Staffing activities are carried out in a transparent way,0.09561753,0.219123506,0.370517928,0.314741036
Public Safety Canada,Total,908.4484,Staffing activities are carried out in a transparent way,0.10041841,0.215481172,0.317991632,0.366108787
Public Safety Canada,Male,374.6747,Staffing activities are carried out in a transparent way,0.109947644,0.183246073,0.308900524,0.397905759
Public Safety Canada,Female,533.7737,Staffing activities are carried out in a transparent way,0.094076655,0.236933798,0.324041812,0.344947735
Public Health Agency of Canada,Total,1879.8448,Staffing activities are carried out in a transparent way,0.091764706,0.195294118,0.388235294,0.324705882
Public Health Agency of Canada,Male,588.1153,Staffing activities are carried out in a transparent way,0.076923077,0.169230769,0.415384615,0.338461538
Public Health Agency of Canada,Female,1291.7295,Staffing activities are carried out in a transparent way,0.098305085,0.206779661,0.376271186,0.318644068
Passport Canada,Total,2129.0317,Staffing activities are carried out in a transparent way,0.093078759,0.168257757,0.361575179,0.377088305
Passport Canada,Male,683.9163,Staffing activities are carried out in a transparent way,0.114503817,0.167938931,0.332061069,0.385496183
Passport Canada,Female,1445.1154,Staffing activities are carried out in a transparent way,0.083333333,0.168402778,0.375,0.373263889
Library and Archives Canada,Total,827.1613,Staffing activities are carried out in a transparent way,0.088235294,0.20855615,0.387700535,0.315508021
Library and Archives Canada,Male,318.6615,Staffing activities are carried out in a transparent way,0.1015625,0.203125,0.3359375,0.359375
Library and Archives Canada,Female,508.4998,Staffing activities are carried out in a transparent way,0.081300813,0.211382114,0.414634146,0.292682927
Canada Border Services Agency,Total,12381.0748,Staffing activities are carried out in a transparent way,0.177266339,0.247716093,0.361208714,0.213808855
Canada Border Services Agency,Male,6220.8607,Staffing activities are carried out in a transparent way,0.182780522,0.258645025,0.342625265,0.215949188
Canada Border Services Agency,Female,6160.2141,Staffing activities are carried out in a transparent way,0.17179846,0.236878936,0.379636109,0.211686494
Shared Services Canada,Total,4516.7419,Staffing activities are carried out in a transparent way,0.119299862,0.219714417,0.398894519,0.262091202
Shared Services Canada,Male,3046.2804,Staffing activities are carried out in a transparent way,0.122116689,0.225915875,0.392808684,0.259158752
Shared Services Canada,Female,1470.4615,Staffing activities are carried out in a transparent way,0.113342898,0.206599713,0.411764706,0.268292683
Less than 350,Total,6987.6906,Staffing activities are carried out in a transparent way,0.072198628,0.133616465,0.361973211,0.432211696
Less than 350,Male,2963.1119,Staffing activities are carried out in a transparent way,0.067398119,0.135579937,0.340125392,0.456896552
Less than 350,Female,4024.5787,Staffing activities are carried out in a transparent way,0.075630252,0.132212885,0.377591036,0.414565826
Public Service Total,Total,176741.0842,I Believe that we hire people who can do the job,0.054964007,0.161442711,0.421603179,0.361990102
Public Service Total,Male,80328.3862,I Believe that we hire people who can do the job,0.06150714,0.169037105,0.400986408,0.368469347
Public Service Total,Female,96412.698,I Believe that we hire people who can do the job,0.049909175,0.155575739,0.437530459,0.356984626
Employment and Social Development Canada,Total,17354.8264,I Believe that we hire people who can do the job,0.066610984,0.199728545,0.456253915,0.277406557
Employment and Social Development Canada,Male,5266.1459,I Believe that we hire people who can do the job,0.06975945,0.189347079,0.431271478,0.309621993
Employment and Social Development Canada,Female,12088.6805,I Believe that we hire people who can do the job,0.065236953,0.204259148,0.467156569,0.263347331
National Defence,Total,21562.7816,I Believe that we hire people who can do the job,0.057038961,0.172155844,0.42161039,0.349194805
National Defence,Male,13246.1509,I Believe that we hire people who can do the job,0.058654192,0.174703131,0.403562433,0.363080245
National Defence,Female,8316.6307,I Believe that we hire people who can do the job,0.054831571,0.168674699,0.446274896,0.330218835
Correctional Service Canada,Total,17726.6156,I Believe that we hire people who can do the job,0.087243886,0.228354263,0.457534699,0.226867151
Correctional Service Canada,Male,8927.2637,I Believe that we hire people who can do the job,0.103853211,0.253577982,0.423853211,0.218715596
Correctional Service Canada,Female,8799.3519,I Believe that we hire people who can do the job,0.073639916,0.20769462,0.485121731,0.233543733
Fisheries and Oceans Canada,Total,9573.6268,I Believe that we hire people who can do the job,0.047347917,0.153730896,0.411447408,0.387473779
Fisheries and Oceans Canada,Male,5589.2302,I Believe that we hire people who can do the job,0.058040469,0.166666667,0.404153355,0.37113951
Fisheries and Oceans Canada,Female,3984.3966,I Believe that we hire people who can do the job,0.033584647,0.137080192,0.420836189,0.408498972
Health Canada,Total,8615.7642,I Believe that we hire people who can do the job,0.039107486,0.146353167,0.429222649,0.385316699
Health Canada,Male,2902.9924,I Believe that we hire people who can do the job,0.036389083,0.142757173,0.414275717,0.406578027
Health Canada,Female,5712.7718,I Believe that we hire people who can do the job,0.040525739,0.148229281,0.437020811,0.374224169
Public Works and Government Services Canada,Total,11118.7099,I Believe that we hire people who can do the job,0.03917813,0.149051019,0.434790179,0.376980672
Public Works and Government Services Canada,Male,4656.4394,I Believe that we hire people who can do the job,0.043295502,0.169819252,0.416561581,0.370323665
Public Works and Government Services Canada,Female,6462.2705,I Believe that we hire people who can do the job,0.03626635,0.134363853,0.447681332,0.381688466
Statistics Canada,Total,4144.1922,I Believe that we hire people who can do the job,0.033751962,0.116169545,0.448587127,0.401491366
Statistics Canada,Male,2021.4062,I Believe that we hire people who can do the job,0.042003231,0.117932149,0.420840065,0.419224556
Statistics Canada,Female,2122.786,I Believe that we hire people who can do the job,0.025954198,0.114503817,0.47480916,0.384732824
Agriculture and Agri-Food Canada,Total,4744.1837,I Believe that we hire people who can do the job,0.043654822,0.143654822,0.4,0.412690355
Agriculture and Agri-Food Canada,Male,2490.6599,I Believe that we hire people who can do the job,0.043841336,0.150313152,0.39039666,0.415448852
Agriculture and Agri-Food Canada,Female,2253.5238,I Believe that we hire people who can do the job,0.043478261,0.137351779,0.409090909,0.410079051
Industry Canada,Total,4357.1166,I Believe that we hire people who can do the job,0.032910202,0.101081335,0.387400094,0.478608369
Industry Canada,Male,2128.4866,I Believe that we hire people who can do the job,0.032818533,0.111003861,0.372586873,0.483590734
Industry Canada,Female,2228.63,I Believe that we hire people who can do the job,0.03299725,0.091659028,0.401466544,0.473877177
Environment Canada,Total,5743.0431,I Believe that we hire people who can do the job,0.022942462,0.08412236,0.371813547,0.521121631
Environment Canada,Male,2958.3451,I Believe that we hire people who can do the job,0.023454158,0.085287846,0.368159204,0.523098792
Environment Canada,Female,2784.698,I Believe that we hire people who can do the job,0.02240478,0.082897685,0.375653473,0.519044063
Transport Canada,Total,4360.595,I Believe that we hire people who can do the job,0.051886792,0.143081761,0.375262055,0.429769392
Transport Canada,Male,2381.3479,I Believe that we hire people who can do the job,0.059095106,0.156971376,0.361034164,0.422899354
Transport Canada,Female,1979.2471,I Believe that we hire people who can do the job,0.042424242,0.124848485,0.393939394,0.438787879
Citizenship and Immigration Canada,Total,4493.7767,I Believe that we hire people who can do the job,0.063732929,0.152250885,0.439049064,0.344967122
Citizenship and Immigration Canada,Male,1458.2731,I Believe that we hire people who can do the job,0.0671875,0.115625,0.4421875,0.375
Citizenship and Immigration Canada,Female,3035.5036,I Believe that we hire people who can do the job,0.062079282,0.169783096,0.437546746,0.330590875
Foreign Affairs Trade and Development Canada,Total,4268.5216,I Believe that we hire people who can do the job,0.042873051,0.106904232,0.379732739,0.470489978
Foreign Affairs Trade and Development Canada,Male,2015.1962,I Believe that we hire people who can do the job,0.044152745,0.118138425,0.348448687,0.489260143
Foreign Affairs Trade and Development Canada,Female,2253.3254,I Believe that we hire people who can do the job,0.041753653,0.097077244,0.407098121,0.454070981
Natural Resources Canada,Total,3710.8257,I Believe that we hire people who can do the job,0.034250765,0.10764526,0.350458716,0.50764526
Natural Resources Canada,Male,2036.8612,I Believe that we hire people who can do the job,0.035187287,0.106696935,0.354143019,0.503972758
Natural Resources Canada,Female,1673.9645,I Believe that we hire people who can do the job,0.033156499,0.108753316,0.346153846,0.51193634
Royal Canadian Mounted Police,Total,5830.9114,I Believe that we hire people who can do the job,0.058282209,0.179618269,0.444785276,0.317314247
Royal Canadian Mounted Police,Male,1349.2657,I Believe that we hire people who can do the job,0.078333333,0.195,0.408333333,0.318333333
Royal Canadian Mounted Police,Female,4481.6457,I Believe that we hire people who can do the job,0.053127678,0.175664096,0.454155955,0.317052271
Aboriginal Affairs and Northern Development Canada,Total,4494.7899,I Believe that we hire people who can do the job,0.04549763,0.162085308,0.423222749,0.369194313
Aboriginal Affairs and Northern Development Canada,Male,1617.5828,I Believe that we hire people who can do the job,0.053619303,0.155495979,0.420911528,0.36997319
Aboriginal Affairs and Northern Development Canada,Female,2877.2071,I Believe that we hire people who can do the job,0.041055718,0.16568915,0.424486804,0.368768328
Veterans Affairs Canada,Total,2949.3177,I Believe that we hire people who can do the job,0.045795171,0.189841799,0.426311407,0.338051624
Veterans Affairs Canada,Male,749.14,I Believe that we hire people who can do the job,0.061889251,0.188925081,0.413680782,0.335504886
Veterans Affairs Canada,Female,2200.1777,I Believe that we hire people who can do the job,0.040268456,0.1901566,0.43064877,0.338926175
Department of Justice Canada,Total,4213.436,I Believe that we hire people who can do the job,0.03153888,0.104404568,0.375747689,0.488308864
Department of Justice Canada,Male,1351.3915,I Believe that we hire people who can do the job,0.043630017,0.111692845,0.347294939,0.497382199
Department of Justice Canada,Female,2862.0445,I Believe that we hire people who can do the job,0.026066351,0.101105845,0.388625592,0.484202212
Canadian Heritage,Total,1629.7959,I Believe that we hire people who can do the job,0.026262626,0.082828283,0.385858586,0.505050505
Canadian Heritage,Male,570.1821,I Believe that we hire people who can do the job,0.05,0.0875,0.30625,0.55625
Canadian Heritage,Female,1059.6138,I Believe that we hire people who can do the job,0.014925373,0.080597015,0.423880597,0.480597015
Public Service Commission of Canada,Total,716.2837,I Believe that we hire people who can do the job,0.010840108,0.062330623,0.384823848,0.54200542
Public Service Commission of Canada,Male,274.4615,I Believe that we hire people who can do the job,0.007194245,0.079136691,0.395683453,0.517985612
Public Service Commission of Canada,Female,441.8222,I Believe that we hire people who can do the job,0.013043478,0.052173913,0.37826087,0.556521739
Canadian International Development Agency,Total,1334.7429,I Believe that we hire people who can do the job,0.018656716,0.080223881,0.358208955,0.542910448
Canadian International Development Agency,Male,483.4999,I Believe that we hire people who can do the job,0.036036036,0.112612613,0.297297297,0.554054054
Canadian International Development Agency,Female,851.243,I Believe that we hire people who can do the job,0.006369427,0.057324841,0.401273885,0.535031847
Treasury Board of Canada Secretariat,Total,1630.0676,I Believe that we hire people who can do the job,0.024566474,0.088150289,0.401734104,0.485549133
Treasury Board of Canada Secretariat,Male,573.2767,I Believe that we hire people who can do the job,0.008163265,0.07755102,0.371428571,0.542857143
Treasury Board of Canada Secretariat,Female,1056.7909,I Believe that we hire people who can do the job,0.033557047,0.093959732,0.418344519,0.454138702
Public Prosecution Service of Canada,Total,915.1791,I Believe that we hire people who can do the job,0.047505938,0.104513064,0.382422803,0.465558195
Public Prosecution Service of Canada,Male,333.6555,I Believe that we hire people who can do the job,0.047619048,0.074829932,0.278911565,0.598639456
Public Prosecution Service of Canada,Female,581.5236,I Believe that we hire people who can do the job,0.047445255,0.120437956,0.437956204,0.394160584
Public Safety Canada,Total,947.0279,I Believe that we hire people who can do the job,0.043912176,0.119760479,0.367265469,0.469061876
Public Safety Canada,Male,392.3658,I Believe that we hire people who can do the job,0.039800995,0.154228856,0.393034826,0.412935323
Public Safety Canada,Female,554.6621,I Believe that we hire people who can do the job,0.046666667,0.096666667,0.35,0.506666667
Public Health Agency of Canada,Total,1973.5203,I Believe that we hire people who can do the job,0.037946429,0.140625,0.427455357,0.393973214
Public Health Agency of Canada,Male,606.5865,I Believe that we hire people who can do the job,0.048327138,0.144981413,0.408921933,0.397769517
Public Health Agency of Canada,Female,1366.9338,I Believe that we hire people who can do the job,0.033492823,0.138755981,0.435406699,0.392344498
Passport Canada,Total,2273.8276,I Believe that we hire people who can do the job,0.083892617,0.138702461,0.410514541,0.36689038
Passport Canada,Male,732.777,I Believe that we hire people who can do the job,0.113475177,0.145390071,0.397163121,0.343971631
Passport Canada,Female,1541.0506,I Believe that we hire people who can do the job,0.070261438,0.135620915,0.416666667,0.37745098
Library and Archives Canada,Total,874.8234,I Believe that we hire people who can do the job,0.038167939,0.13740458,0.437659033,0.386768448
Library and Archives Canada,Male,335.4672,I Believe that we hire people who can do the job,0.059259259,0.155555556,0.422222222,0.362962963
Library and Archives Canada,Female,539.3562,I Believe that we hire people who can do the job,0.027131783,0.127906977,0.445736434,0.399224806
Canada Border Services Agency,Total,13095.0599,I Believe that we hire people who can do the job,0.103007144,0.235255026,0.442598438,0.219139392
Canada Border Services Agency,Male,6564.2688,I Believe that we hire people who can do the job,0.118649733,0.256350267,0.42078877,0.20421123
Canada Border Services Agency,Female,6530.7911,I Believe that we hire people who can do the job,0.087545425,0.2144037,0.46415593,0.233894945
Shared Services Canada,Total,4791.7617,I Believe that we hire people who can do the job,0.074891775,0.193939394,0.441125541,0.29004329
Shared Services Canada,Male,3250.6893,I Believe that we hire people who can do the job,0.074191503,0.210526316,0.436271401,0.27901078
Shared Services Canada,Female,1541.0724,I Believe that we hire people who can do the job,0.076398363,0.158253752,0.451568895,0.31377899
Less than 350,Total,7295.9601,I Believe that we hire people who can do the job,0.028473091,0.091051314,0.347309136,0.533166458
Less than 350,Male,3064.9772,I Believe that we hire people who can do the job,0.032600455,0.100833965,0.318423048,0.548142532
Less than 350,Female,4230.9829,I Believe that we hire people who can do the job,0.025572722,0.084176878,0.367607885,0.522642515
Public Service Total,Total,167782.8753,The process of selecting a person for a position is done fairly,0.102682811,0.189669727,0.38193785,0.325709613
Public Service Total,Male,76826.1106,The process of selecting a person for a position is done fairly,0.111348136,0.185680377,0.360394195,0.342577292
Public Service Total,Female,90956.7647,The process of selecting a person for a position is done fairly,0.095902006,0.19279148,0.398796229,0.312510286
Employment and Social Development Canada,Total,16252.6958,The process of selecting a person for a position is done fairly,0.117581437,0.224118697,0.401048639,0.257251227
Employment and Social Development Canada,Male,4958.6702,The process of selecting a person for a position is done fairly,0.127877238,0.206065035,0.372305444,0.293752284
Employment and Social Development Canada,Female,11294.0256,The process of selecting a person for a position is done fairly,0.113056046,0.232053959,0.413682351,0.241207644
National Defence,Total,20463.5252,The process of selecting a person for a position is done fairly,0.107704143,0.196944719,0.371689197,0.323661941
National Defence,Male,12699.5465,The process of selecting a person for a position is done fairly,0.108703843,0.193481537,0.35625471,0.34155991
National Defence,Female,7763.9787,The process of selecting a person for a position is done fairly,0.106304405,0.201793722,0.393299921,0.298601952
Correctional Service Canada,Total,17228.2958,The process of selecting a person for a position is done fairly,0.162014976,0.253744044,0.384785568,0.199455412
Correctional Service Canada,Male,8714.153,The process of selecting a person for a position is done fairly,0.178087349,0.259789157,0.354292169,0.207831325
Correctional Service Canada,Female,8514.1428,The process of selecting a person for a position is done fairly,0.148757764,0.248757764,0.409937888,0.192546584
Fisheries and Oceans Canada,Total,9199.1596,The process of selecting a person for a position is done fairly,0.081778607,0.175373134,0.379975124,0.362873134
Fisheries and Oceans Canada,Male,5394.1726,The process of selecting a person for a position is done fairly,0.095159516,0.179867987,0.364136414,0.360836084
Fisheries and Oceans Canada,Female,3804.987,The process of selecting a person for a position is done fairly,0.064377682,0.169527897,0.400572246,0.365522175
Health Canada,Total,8074.9959,The process of selecting a person for a position is done fairly,0.090048606,0.18367869,0.39345101,0.332821694
Health Canada,Male,2738.8908,The process of selecting a person for a position is done fairly,0.086117298,0.173719376,0.382331106,0.35783222
Health Canada,Female,5336.1051,The process of selecting a person for a position is done fairly,0.092115535,0.18891491,0.399297424,0.319672131
Public Works and Government Services Canada,Total,10558.3598,The process of selecting a person for a position is done fairly,0.074935874,0.178087211,0.383290583,0.363686332
Public Works and Government Services Canada,Male,4465.3684,The process of selecting a person for a position is done fairly,0.087242438,0.174046471,0.367821131,0.370889961
Public Works and Government Services Canada,Female,6092.9914,The process of selecting a person for a position is done fairly,0.066100094,0.180988354,0.39439723,0.358514322
Statistics Canada,Total,3929.6916,The process of selecting a person for a position is done fairly,0.063380282,0.142502071,0.429991715,0.364125932
Statistics Canada,Male,1930.8943,The process of selecting a person for a position is done fairly,0.070279424,0.138018628,0.408975445,0.382726503
Statistics Canada,Female,1998.7973,The process of selecting a person for a position is done fairly,0.056772101,0.146796431,0.450121655,0.346309813
Agriculture and Agri-Food Canada,Total,4565.1494,The process of selecting a person for a position is done fairly,0.073157895,0.161052632,0.382105263,0.383684211
Agriculture and Agri-Food Canada,Male,2404.0806,The process of selecting a person for a position is done fairly,0.076673866,0.145788337,0.381209503,0.396328294
Agriculture and Agri-Food Canada,Female,2161.0688,The process of selecting a person for a position is done fairly,0.069815195,0.175564682,0.382956879,0.371663244
Industry Canada,Total,4063.5118,The process of selecting a person for a position is done fairly,0.068113017,0.135216953,0.393541877,0.403128153
Industry Canada,Male,1995.7545,The process of selecting a person for a position is done fairly,0.076210093,0.140061792,0.364572606,0.41915551
Industry Canada,Female,2067.7573,The process of selecting a person for a position is done fairly,0.060336301,0.130563798,0.421364985,0.387734916
Environment Canada,Total,5509.5595,The process of selecting a person for a position is done fairly,0.052871814,0.125903385,0.378090529,0.443134272
Environment Canada,Male,2841.254,The process of selecting a person for a position is done fairly,0.057735011,0.123612139,0.342709104,0.475943745
Environment Canada,Female,2668.3055,The process of selecting a person for a position is done fairly,0.047730829,0.128325509,0.415492958,0.408450704
Transport Canada,Total,4139.4613,The process of selecting a person for a position is done fairly,0.09536935,0.169790518,0.350606395,0.384233738
Transport Canada,Male,2270.148,The process of selecting a person for a position is done fairly,0.10755814,0.187984496,0.323643411,0.380813953
Transport Canada,Female,1869.3133,The process of selecting a person for a position is done fairly,0.079283887,0.145780051,0.386189258,0.388746803
Citizenship and Immigration Canada,Total,4297.5891,The process of selecting a person for a position is done fairly,0.114710568,0.190653213,0.373340414,0.321295805
Citizenship and Immigration Canada,Male,1391.552,The process of selecting a person for a position is done fairly,0.106557377,0.154098361,0.38852459,0.350819672
Citizenship and Immigration Canada,Female,2906.0371,The process of selecting a person for a position is done fairly,0.118617439,0.208169678,0.366064415,0.307148468
Foreign Affairs Trade and Development Canada,Total,4016.4624,The process of selecting a person for a position is done fairly,0.084223013,0.149466192,0.380782918,0.385527877
Foreign Affairs Trade and Development Canada,Male,1931.1915,The process of selecting a person for a position is done fairly,0.094645081,0.153175592,0.359900374,0.392278954
Foreign Affairs Trade and Development Canada,Female,2085.2709,The process of selecting a person for a position is done fairly,0.074745187,0.146092865,0.399773499,0.379388448
Natural Resources Canada,Total,3433.4489,The process of selecting a person for a position is done fairly,0.075396825,0.12962963,0.349206349,0.445767196
Natural Resources Canada,Male,1886.0599,The process of selecting a person for a position is done fairly,0.079462103,0.114914425,0.332518337,0.473105134
Natural Resources Canada,Female,1547.389,The process of selecting a person for a position is done fairly,0.070605187,0.146974063,0.368876081,0.413544669
Royal Canadian Mounted Police,Total,5526.979,The process of selecting a person for a position is done fairly,0.09566787,0.201444043,0.394584838,0.308303249
Royal Canadian Mounted Police,Male,1276.4845,The process of selecting a person for a position is done fairly,0.11130742,0.199646643,0.339222615,0.349823322
Royal Canadian Mounted Police,Female,4250.4945,The process of selecting a person for a position is done fairly,0.091651543,0.201905626,0.408802178,0.297640653
Aboriginal Affairs and Northern Development Canada,Total,4261.752,The process of selecting a person for a position is done fairly,0.091136705,0.192288433,0.364046069,0.352528793
Aboriginal Affairs and Northern Development Canada,Male,1537.7188,The process of selecting a person for a position is done fairly,0.100141044,0.181946403,0.334273625,0.383638928
Aboriginal Affairs and Northern Development Canada,Female,2724.0332,The process of selecting a person for a position is done fairly,0.086180124,0.197981366,0.380434783,0.335403727
Veterans Affairs Canada,Total,2742.1641,The process of selecting a person for a position is done fairly,0.096256684,0.211229947,0.387700535,0.304812834
Veterans Affairs Canada,Male,724.0519,The process of selecting a person for a position is done fairly,0.118243243,0.179054054,0.361486486,0.341216216
Veterans Affairs Canada,Female,2018.1122,The process of selecting a person for a position is done fairly,0.088377724,0.222760291,0.397094431,0.291767554
Department of Justice Canada,Total,3859.5565,The process of selecting a person for a position is done fairly,0.095011876,0.144893112,0.370546318,0.389548694
Department of Justice Canada,Male,1263.3047,The process of selecting a person for a position is done fairly,0.121722846,0.153558052,0.346441948,0.378277154
Department of Justice Canada,Female,2596.2518,The process of selecting a person for a position is done fairly,0.082608696,0.140869565,0.38173913,0.394782609
Canadian Heritage,Total,1517.7702,The process of selecting a person for a position is done fairly,0.056521739,0.117391304,0.397826087,0.42826087
Canadian Heritage,Male,530.3815,The process of selecting a person for a position is done fairly,0.06,0.12,0.326666667,0.493333333
Canadian Heritage,Female,987.3887,The process of selecting a person for a position is done fairly,0.05483871,0.116129032,0.432258065,0.396774194
Public Service Commission of Canada,Total,672.4869,The process of selecting a person for a position is done fairly,0.049132948,0.086705202,0.335260116,0.528901734
Public Service Commission of Canada,Male,269.5021,The process of selecting a person for a position is done fairly,0.051470588,0.080882353,0.279411765,0.588235294
Public Service Commission of Canada,Female,402.9848,The process of selecting a person for a position is done fairly,0.047619048,0.09047619,0.371428571,0.49047619
Canadian International Development Agency,Total,1302.9465,The process of selecting a person for a position is done fairly,0.057361377,0.143403442,0.413001912,0.38623327
Canadian International Development Agency,Male,470.7466,The process of selecting a person for a position is done fairly,0.097222222,0.12037037,0.361111111,0.421296296
Canadian International Development Agency,Female,832.1999,The process of selecting a person for a position is done fairly,0.029315961,0.159609121,0.449511401,0.361563518
Treasury Board of Canada Secretariat,Total,1511.3379,The process of selecting a person for a position is done fairly,0.059467919,0.133020344,0.364632238,0.442879499
Treasury Board of Canada Secretariat,Male,534.6331,The process of selecting a person for a position is done fairly,0.039473684,0.171052632,0.298245614,0.49122807
Treasury Board of Canada Secretariat,Female,976.7048,The process of selecting a person for a position is done fairly,0.070559611,0.111922141,0.401459854,0.416058394
Public Prosecution Service of Canada,Total,850.7957,The process of selecting a person for a position is done fairly,0.10741688,0.145780051,0.345268542,0.401534527
Public Prosecution Service of Canada,Male,307.8407,The process of selecting a person for a position is done fairly,0.139705882,0.095588235,0.279411765,0.485294118
Public Prosecution Service of Canada,Female,542.955,The process of selecting a person for a position is done fairly,0.090196078,0.17254902,0.380392157,0.356862745
Public Safety Canada,Total,898.6872,The process of selecting a person for a position is done fairly,0.101265823,0.166666667,0.341772152,0.390295359
Public Safety Canada,Male,371.7182,The process of selecting a person for a position is done fairly,0.089473684,0.184210526,0.326315789,0.4
Public Safety Canada,Female,526.969,The process of selecting a person for a position is done fairly,0.10915493,0.154929577,0.352112676,0.383802817
Public Health Agency of Canada,Total,1887.8556,The process of selecting a person for a position is done fairly,0.093567251,0.178947368,0.384795322,0.342690058
Public Health Agency of Canada,Male,584.7797,The process of selecting a person for a position is done fairly,0.081081081,0.162162162,0.393822394,0.362934363
Public Health Agency of Canada,Female,1303.0759,The process of selecting a person for a position is done fairly,0.098993289,0.186241611,0.380872483,0.333892617
Passport Canada,Total,2179.6719,The process of selecting a person for a position is done fairly,0.10864486,0.16588785,0.369158879,0.356308411
Passport Canada,Male,716.3344,The process of selecting a person for a position is done fairly,0.15018315,0.164835165,0.344322344,0.340659341
Passport Canada,Female,1463.3375,The process of selecting a person for a position is done fairly,0.089193825,0.166380789,0.380789022,0.363636364
Library and Archives Canada,Total,832.3398,The process of selecting a person for a position is done fairly,0.077540107,0.14973262,0.422459893,0.35026738
Library and Archives Canada,Male,321.8065,The process of selecting a person for a position is done fairly,0.07751938,0.170542636,0.441860465,0.310077519
Library and Archives Canada,Female,510.5333,The process of selecting a person for a position is done fairly,0.07755102,0.13877551,0.412244898,0.371428571
